1.000000000000000000e+00 1.259330399999999955e-10 0.000000000000000000e+00 -8.000000000000000000e+00 -1.259330399999999955e-10 1.000000000000000000e+00 0.000000000000000000e+00 5.000000000000000000e+00 0.000000000000000000e+00 0.000000000000000000e+00 1.000000000000000000e+00 0.000000000000000000e+00
9.974316717440461222e-01 -7.162443857984136797e-02 0.000000000000000000e+00 -8.008520000000000749e+00 7.162443857984136797e-02 9.974316717440461222e-01 0.000000000000000000e+00 4.602390999999999899e+00 0.000000000000000000e+00 0.000000000000000000e+00 1.000000000000000000e+00 0.000000000000000000e+00
9.894324963889111757e-01 -1.449942588160205992e-01 0.000000000000000000e+00 -7.984809000000000268e+00 1.449942588160205992e-01 9.894324963889111757e-01 0.000000000000000000e+00 4.205936999999999593e+00 0.000000000000000000e+00 0.000000000000000000e+00 1.000000000000000000e+00 0.000000000000000000e+00
9.590821737624600773e-01 -2.831278579918874438e-01 0.000000000000000000e+00 -7.881493599999999766e+00 2.831278579918874438e-01 9.590821737624600773e-01 0.000000000000000000e+00 3.882175000000000153e+00 0.000000000000000000e+00 0.000000000000000000e+00 1.000000000000000000e+00 0.000000000000000000e+00
9.223436843679360120e-01 -3.863704542360624217e-01 0.000000000000000000e+00 -7.716018000000000043e+00 3.863704542360624217e-01 9.223436843679360120e-01 0.000000000000000000e+00 3.572070399999999868e+00 0.000000000000000000e+00 0.000000000000000000e+00 1.000000000000000000e+00 0.000000000000000000e+00
8.521629480686828684e-01 -5.232765138422432738e-01 0.000000000000000000e+00 -7.551045000000000229e+00 5.232765138422432738e-01 8.521629480686828684e-01 0.000000000000000000e+00 3.110237600000000047e+00 0.000000000000000000e+00 0.000000000000000000e+00 1.000000000000000000e+00 0.000000000000000000e+00
8.717731985462927602e-01 -4.899096756508958261e-01 0.000000000000000000e+00 -7.153122999999999898e+00 4.899096756508958261e-01 8.717731985462927602e-01 0.000000000000000000e+00 2.733995399999999965e+00 0.000000000000000000e+00 0.000000000000000000e+00 1.000000000000000000e+00 0.000000000000000000e+00
8.614966239052774810e-01 -5.077632982008535301e-01 0.000000000000000000e+00 -6.887834999999999930e+00 5.077632982008535301e-01 8.614966239052774810e-01 0.000000000000000000e+00 2.336018800000000173e+00 0.000000000000000000e+00 0.000000000000000000e+00 1.000000000000000000e+00 0.000000000000000000e+00
7.762945793878635037e-01 -6.303703086385176180e-01 0.000000000000000000e+00 -6.614606400000000441e+00 6.303703086385176180e-01 7.762945793878635037e-01 0.000000000000000000e+00 2.004848700000000150e+00 0.000000000000000000e+00 0.000000000000000000e+00 1.000000000000000000e+00 0.000000000000000000e+00
7.091293589526326269e-01 -7.050784015068312094e-01 0.000000000000000000e+00 -6.322936999999999585e+00 7.050784015068312094e-01 7.091293589526326269e-01 0.000000000000000000e+00 1.596152999999999933e+00 0.000000000000000000e+00 0.000000000000000000e+00 1.000000000000000000e+00 0.000000000000000000e+00
6.723468715083718017e-01 -7.402362355173549568e-01 0.000000000000000000e+00 -5.925591999999999970e+00 7.402362355173549568e-01 6.723468715083718017e-01 0.000000000000000000e+00 1.350773000000000001e+00 0.000000000000000000e+00 0.000000000000000000e+00 1.000000000000000000e+00 0.000000000000000000e+00
7.593093934478651885e-01 -6.507297788036406905e-01 0.000000000000000000e+00 -5.681775000000000020e+00 6.507297788036406905e-01 7.593093934478651885e-01 0.000000000000000000e+00 1.037060899999999952e+00 0.000000000000000000e+00 0.000000000000000000e+00 1.000000000000000000e+00 0.000000000000000000e+00
7.290430586155919324e-01 -6.844678361211887774e-01 0.000000000000000000e+00 -5.335815400000000430e+00 6.844678361211887774e-01 7.290430586155919324e-01 0.000000000000000000e+00 7.751093500000000303e-01 0.000000000000000000e+00 0.000000000000000000e+00 1.000000000000000000e+00 0.000000000000000000e+00
6.879011564579196047e-01 -7.258043806314872226e-01 0.000000000000000000e+00 -5.068159999999999776e+00 7.258043806314872226e-01 6.879011564579196047e-01 0.000000000000000000e+00 2.602478300000000133e-01 0.000000000000000000e+00 0.000000000000000000e+00 1.000000000000000000e+00 0.000000000000000000e+00
5.430039479694758198e-01 -8.397301426586774031e-01 0.000000000000000000e+00 -4.739377000000000173e+00 8.397301426586774031e-01 5.430039479694758198e-01 0.000000000000000000e+00 1.530479299999999987e-01 0.000000000000000000e+00 0.000000000000000000e+00 1.000000000000000000e+00 0.000000000000000000e+00
5.356527246738095327e-01 -8.444383687099514813e-01 0.000000000000000000e+00 -4.325428500000000120e+00 8.444383687099514813e-01 5.356527246738095327e-01 0.000000000000000000e+00 -1.488524400000000025e-01 0.000000000000000000e+00 0.000000000000000000e+00 1.000000000000000000e+00 0.000000000000000000e+00
4.230888628697734299e-01 -9.060881933429890678e-01 0.000000000000000000e+00 -4.128809000000000395e+00 9.060881933429890678e-01 4.230888628697734299e-01 0.000000000000000000e+00 -3.940636200000000033e-01 0.000000000000000000e+00 0.000000000000000000e+00 1.000000000000000000e+00 0.000000000000000000e+00
4.020291720444461037e-01 -9.156268589470588637e-01 0.000000000000000000e+00 -3.540837499999999860e+00 9.156268589470588637e-01 4.020291720444461037e-01 0.000000000000000000e+00 -5.577052999999999594e-01 0.000000000000000000e+00 0.000000000000000000e+00 1.000000000000000000e+00 0.000000000000000000e+00
4.691259731483382600e-01 -8.831312593933161592e-01 0.000000000000000000e+00 -3.180754700000000046e+00 8.831312593933161592e-01 4.691259731483382600e-01 0.000000000000000000e+00 -8.526190500000000450e-01 0.000000000000000000e+00 0.000000000000000000e+00 1.000000000000000000e+00 0.000000000000000000e+00
4.612981140899270471e-01 -8.872452028256205825e-01 0.000000000000000000e+00 -2.823652000000000051e+00 8.872452028256205825e-01 4.612981140899270471e-01 0.000000000000000000e+00 -8.507630999999999943e-01 0.000000000000000000e+00 0.000000000000000000e+00 1.000000000000000000e+00 0.000000000000000000e+00
3.404734886088653933e-01 -9.402541164783639882e-01 0.000000000000000000e+00 -2.901447500000000179e+00 9.402541164783639882e-01 3.404734886088653933e-01 0.000000000000000000e+00 -9.810704599999999775e-01 0.000000000000000000e+00 0.000000000000000000e+00 1.000000000000000000e+00 0.000000000000000000e+00
2.255168564969925460e-01 -9.742392660100057666e-01 0.000000000000000000e+00 -2.603999400000000186e+00 9.742392660100057666e-01 2.255168564969925460e-01 0.000000000000000000e+00 -9.524173000000000222e-01 0.000000000000000000e+00 0.000000000000000000e+00 1.000000000000000000e+00 0.000000000000000000e+00
1.026552677424623083e-01 -9.947169929204604522e-01 0.000000000000000000e+00 -2.107797099999999979e+00 9.947169929204604522e-01 1.026552677424623083e-01 0.000000000000000000e+00 -9.347948400000000158e-01 0.000000000000000000e+00 0.000000000000000000e+00 1.000000000000000000e+00 0.000000000000000000e+00
-1.148793782948993730e-01 -9.933794483693415556e-01 0.000000000000000000e+00 -1.698899699999999902e+00 9.933794483693415556e-01 -1.148793782948993730e-01 0.000000000000000000e+00 -8.420490000000000475e-01 0.000000000000000000e+00 0.000000000000000000e+00 1.000000000000000000e+00 0.000000000000000000e+00
-2.758491082402996231e-01 -9.612009516656917496e-01 0.000000000000000000e+00 -1.269590400000000008e+00 9.612009516656917496e-01 -2.758491082402996231e-01 0.000000000000000000e+00 -7.632333999999999508e-01 0.000000000000000000e+00 0.000000000000000000e+00 1.000000000000000000e+00 0.000000000000000000e+00
-4.139449383011100103e-01 -9.103019213727334691e-01 0.000000000000000000e+00 -9.665162600000000159e-01 9.103019213727334691e-01 -4.139449383011100103e-01 0.000000000000000000e+00 -5.536120500000000222e-01 0.000000000000000000e+00 0.000000000000000000e+00 1.000000000000000000e+00 0.000000000000000000e+00
-5.625488268223103328e-01 -8.267640639510417389e-01 0.000000000000000000e+00 -8.033261299999999716e-01 8.267640639510417389e-01 -5.625488268223103328e-01 0.000000000000000000e+00 -2.934056199999999781e-01 0.000000000000000000e+00 0.000000000000000000e+00 1.000000000000000000e+00 0.000000000000000000e+00
-6.465613196316558620e-01 -7.628620189498044324e-01 0.000000000000000000e+00 -6.346228000000000424e-01 7.628620189498044324e-01 -6.465613196316558620e-01 0.000000000000000000e+00 -9.507917999999999925e-02 0.000000000000000000e+00 0.000000000000000000e+00 1.000000000000000000e+00 0.000000000000000000e+00
-8.024590901550638922e-01 -5.967071380731983066e-01 0.000000000000000000e+00 -3.800188600000000139e-01 5.967071380731983066e-01 -8.024590901550638922e-01 0.000000000000000000e+00 2.455433300000000041e-01 0.000000000000000000e+00 0.000000000000000000e+00 1.000000000000000000e+00 0.000000000000000000e+00
-8.977007532421863445e-01 -4.406056713529811208e-01 0.000000000000000000e+00 -6.801869000000000665e-02 4.406056713529811208e-01 -8.977007532421863445e-01 0.000000000000000000e+00 6.543171399999999638e-01 0.000000000000000000e+00 0.000000000000000000e+00 1.000000000000000000e+00 0.000000000000000000e+00
9.256324726259849145e-01 3.784237381828806090e-01 0.000000000000000000e+00 5.485386400000000218e-02 -3.784237381828806090e-01 9.256324726259849145e-01 0.000000000000000000e+00 9.736782999999999966e-01 0.000000000000000000e+00 0.000000000000000000e+00 1.000000000000000000e+00 0.000000000000000000e+00
9.592702106351918001e-01 2.824901113099618777e-01 0.000000000000000000e+00 1.785299800000000048e-01 -2.824901113099618777e-01 9.592702106351918001e-01 0.000000000000000000e+00 1.499115699999999940e+00 0.000000000000000000e+00 0.000000000000000000e+00 1.000000000000000000e+00 0.000000000000000000e+00
9.750997371866708674e-01 2.217667751005217014e-01 0.000000000000000000e+00 2.630830399999999902e-01 -2.217667751005217014e-01 9.750997371866708674e-01 0.000000000000000000e+00 1.905451900000000087e+00 0.000000000000000000e+00 0.000000000000000000e+00 1.000000000000000000e+00 0.000000000000000000e+00
9.999994842996916544e-01 1.015578825421859389e-03 0.000000000000000000e+00 3.982657000000000003e-01 -1.015578825421859389e-03 9.999994842996916544e-01 0.000000000000000000e+00 2.142822699999999969e+00 0.000000000000000000e+00 0.000000000000000000e+00 1.000000000000000000e+00 0.000000000000000000e+00
9.812432010503600033e-01 -1.927739100408632777e-01 0.000000000000000000e+00 1.829312700000000069e-01 1.927739100408632777e-01 9.812432010503600033e-01 0.000000000000000000e+00 2.580597399999999819e+00 0.000000000000000000e+00 0.000000000000000000e+00 1.000000000000000000e+00 0.000000000000000000e+00
9.383557302297652614e-01 -3.456711204960055128e-01 0.000000000000000000e+00 6.360306999999999940e-03 3.456711204960055128e-01 9.383557302297652614e-01 0.000000000000000000e+00 3.034914500000000182e+00 0.000000000000000000e+00 0.000000000000000000e+00 1.000000000000000000e+00 0.000000000000000000e+00
8.666794687394576702e-01 -4.988654111736867125e-01 0.000000000000000000e+00 -2.745457000000000036e-01 4.988654111736867125e-01 8.666794687394576702e-01 0.000000000000000000e+00 3.318922000000000150e+00 0.000000000000000000e+00 0.000000000000000000e+00 1.000000000000000000e+00 0.000000000000000000e+00
7.713294774867549553e-01 -6.364360432596583017e-01 0.000000000000000000e+00 -4.153972599999999904e-01 6.364360432596583017e-01 7.713294774867549553e-01 0.000000000000000000e+00 3.764434599999999964e+00 0.000000000000000000e+00 0.000000000000000000e+00 1.000000000000000000e+00 0.000000000000000000e+00
7.628360739021857739e-01 -6.465919303188828460e-01 0.000000000000000000e+00 -5.902610400000000146e-01 6.465919303188828460e-01 7.628360739021857739e-01 0.000000000000000000e+00 4.162428000000000239e+00 0.000000000000000000e+00 0.000000000000000000e+00 1.000000000000000000e+00 0.000000000000000000e+00
7.465088461205922066e-01 -6.653754899781791909e-01 0.000000000000000000e+00 -9.236372000000000471e-01 6.653754899781791909e-01 7.465088461205922066e-01 0.000000000000000000e+00 4.620212600000000336e+00 0.000000000000000000e+00 0.000000000000000000e+00 1.000000000000000000e+00 0.000000000000000000e+00
-7.574433076428946920e-01 6.529009386629729406e-01 0.000000000000000000e+00 -8.351899999999999880e-01 -6.529009386629729406e-01 -7.574433076428946920e-01 0.000000000000000000e+00 4.479052000000000255e+00 0.000000000000000000e+00 0.000000000000000000e+00 1.000000000000000000e+00 0.000000000000000000e+00
6.316517931989846790e-01 -7.752522248587920828e-01 0.000000000000000000e+00 -1.409329499999999902e+00 7.752522248587920828e-01 6.316517931989846790e-01 0.000000000000000000e+00 4.938215999999999717e+00 0.000000000000000000e+00 0.000000000000000000e+00 1.000000000000000000e+00 0.000000000000000000e+00
4.741065592376254578e-01 -8.804674727029159209e-01 0.000000000000000000e+00 -1.791113399999999967e+00 8.804674727029159209e-01 4.741065592376254578e-01 0.000000000000000000e+00 5.161497999999999919e+00 0.000000000000000000e+00 0.000000000000000000e+00 1.000000000000000000e+00 0.000000000000000000e+00
3.804742120077973522e-01 -9.247915300201693389e-01 0.000000000000000000e+00 -2.226898400000000056e+00 9.247915300201693389e-01 3.804742120077973522e-01 0.000000000000000000e+00 5.513365300000000246e+00 0.000000000000000000e+00 0.000000000000000000e+00 1.000000000000000000e+00 0.000000000000000000e+00
2.738967708554836400e-01 -9.617590960916037046e-01 0.000000000000000000e+00 -2.690264700000000175e+00 9.617590960916037046e-01 2.738967708554836400e-01 0.000000000000000000e+00 5.797742999999999647e+00 0.000000000000000000e+00 0.000000000000000000e+00 1.000000000000000000e+00 0.000000000000000000e+00
2.106582972074450832e-01 -9.775597586938916672e-01 0.000000000000000000e+00 -3.175053000000000125e+00 9.775597586938916672e-01 2.106582972074450832e-01 0.000000000000000000e+00 5.850099000000000160e+00 0.000000000000000000e+00 0.000000000000000000e+00 1.000000000000000000e+00 0.000000000000000000e+00
1.792076654984158524e-01 -9.838112688044429177e-01 0.000000000000000000e+00 -3.558801700000000068e+00 9.838112688044429177e-01 1.792076654984158524e-01 0.000000000000000000e+00 5.891041799999999995e+00 0.000000000000000000e+00 0.000000000000000000e+00 1.000000000000000000e+00 0.000000000000000000e+00
5.291279789650465970e-02 -9.985991367003896890e-01 0.000000000000000000e+00 -4.070377999999999830e+00 9.985991367003896890e-01 5.291279789650465970e-02 0.000000000000000000e+00 6.201830000000000176e+00 0.000000000000000000e+00 0.000000000000000000e+00 1.000000000000000000e+00 0.000000000000000000e+00
-7.600760483664784073e-02 -9.971072379674094099e-01 0.000000000000000000e+00 -4.543061299999999747e+00 9.971072379674094099e-01 -7.600760483664784073e-02 0.000000000000000000e+00 6.180699999999999861e+00 0.000000000000000000e+00 0.000000000000000000e+00 1.000000000000000000e+00 0.000000000000000000e+00
-1.055952516843198935e-01 -9.944091928485602194e-01 0.000000000000000000e+00 -5.119094399999999823e+00 9.944091928485602194e-01 -1.055952516843198935e-01 0.000000000000000000e+00 6.172198299999999804e+00 0.000000000000000000e+00 0.000000000000000000e+00 1.000000000000000000e+00 0.000000000000000000e+00
-1.906821309025797939e-01 -9.816518348958817031e-01 0.000000000000000000e+00 -5.565121999999999680e+00 9.816518348958817031e-01 -1.906821309025797939e-01 0.000000000000000000e+00 6.215333499999999844e+00 0.000000000000000000e+00 0.000000000000000000e+00 1.000000000000000000e+00 0.000000000000000000e+00
-1.643867589377216720e-01 -9.863959618155132558e-01 0.000000000000000000e+00 -6.006230399999999747e+00 9.863959618155132558e-01 -1.643867589377216720e-01 0.000000000000000000e+00 6.051696999999999882e+00 0.000000000000000000e+00 0.000000000000000000e+00 1.000000000000000000e+00 0.000000000000000000e+00
-3.577578132434794944e-01 -9.338144071833779369e-01 0.000000000000000000e+00 -6.468827000000000105e+00 9.338144071833779369e-01 -3.577578132434794944e-01 0.000000000000000000e+00 6.024620500000000156e+00 0.000000000000000000e+00 0.000000000000000000e+00 1.000000000000000000e+00 0.000000000000000000e+00
-4.083194430401707042e-01 -9.128391054481423961e-01 0.000000000000000000e+00 -6.756981399999999915e+00 9.128391054481423961e-01 -4.083194430401707042e-01 0.000000000000000000e+00 6.050650599999999990e+00 0.000000000000000000e+00 0.000000000000000000e+00 1.000000000000000000e+00 0.000000000000000000e+00
-5.078857809895526154e-01 -8.614244212167613268e-01 0.000000000000000000e+00 -7.067703700000000033e+00 8.614244212167613268e-01 -5.078857809895526154e-01 0.000000000000000000e+00 5.803433000000000064e+00 0.000000000000000000e+00 0.000000000000000000e+00 1.000000000000000000e+00 0.000000000000000000e+00
-5.924486658541153750e-01 -8.056082039848395659e-01 0.000000000000000000e+00 -7.601312599999999975e+00 8.056082039848395659e-01 -5.924486658541153750e-01 0.000000000000000000e+00 5.725069500000000033e+00 0.000000000000000000e+00 0.000000000000000000e+00 1.000000000000000000e+00 0.000000000000000000e+00
-6.901533073463032020e-01 -7.236631898604205526e-01 0.000000000000000000e+00 -8.074861999999999540e+00 7.236631898604205526e-01 -6.901533073463032020e-01 0.000000000000000000e+00 5.403404700000000283e+00 0.000000000000000000e+00 0.000000000000000000e+00 1.000000000000000000e+00 0.000000000000000000e+00
-7.518305568078910150e-01 -6.593563633195151930e-01 0.000000000000000000e+00 -8.290630000000000166e+00 6.593563633195151930e-01 -7.518305568078910150e-01 0.000000000000000000e+00 5.089386499999999813e+00 0.000000000000000000e+00 0.000000000000000000e+00 1.000000000000000000e+00 0.000000000000000000e+00
-9.527557255737705288e-01 -3.037375962675645247e-01 0.000000000000000000e+00 -8.621733000000000757e+00 3.037375962675645247e-01 -9.527557255737705288e-01 0.000000000000000000e+00 4.679169700000000098e+00 0.000000000000000000e+00 0.000000000000000000e+00 1.000000000000000000e+00 0.000000000000000000e+00
-9.791025027459536734e-01 -2.033673747595955150e-01 0.000000000000000000e+00 -8.763104999999999478e+00 2.033673747595955150e-01 -9.791025027459536734e-01 0.000000000000000000e+00 4.327360999999999791e+00 0.000000000000000000e+00 0.000000000000000000e+00 1.000000000000000000e+00 0.000000000000000000e+00
1.367263992430481911e-01 -9.906088490166189420e-01 0.000000000000000000e+00 -8.658001999999999754e+00 9.906088490166189420e-01 1.367263992430481911e-01 0.000000000000000000e+00 4.421145400000000336e+00 0.000000000000000000e+00 0.000000000000000000e+00 1.000000000000000000e+00 0.000000000000000000e+00
-9.661958508967442016e-01 2.578091885676622730e-01 0.000000000000000000e+00 -8.569364999999999455e+00 -2.578091885676622730e-01 -9.661958508967442016e-01 0.000000000000000000e+00 4.038975999999999900e+00 0.000000000000000000e+00 0.000000000000000000e+00 1.000000000000000000e+00 0.000000000000000000e+00
-8.335729308095733980e-01 5.524094215539214758e-01 0.000000000000000000e+00 -8.492881999999999820e+00 -5.524094215539214758e-01 -8.335729308095733980e-01 0.000000000000000000e+00 3.688119200000000042e+00 0.000000000000000000e+00 0.000000000000000000e+00 1.000000000000000000e+00 0.000000000000000000e+00
-6.296704041866174606e-01 7.768623958536426954e-01 0.000000000000000000e+00 -8.209671999999999414e+00 -7.768623958536426954e-01 -6.296704041866174606e-01 0.000000000000000000e+00 3.281687999999999938e+00 0.000000000000000000e+00 0.000000000000000000e+00 1.000000000000000000e+00 0.000000000000000000e+00
-3.019743142906523015e-01 9.533160617070763898e-01 0.000000000000000000e+00 -7.763870700000000014e+00 -9.533160617070763898e-01 -3.019743142906523015e-01 0.000000000000000000e+00 3.093318200000000129e+00 0.000000000000000000e+00 0.000000000000000000e+00 1.000000000000000000e+00 0.000000000000000000e+00
-1.484382803810473106e-02 9.998898243152468668e-01 0.000000000000000000e+00 -7.273476999999999748e+00 -9.998898243152468668e-01 -1.484382803810473106e-02 0.000000000000000000e+00 3.184634700000000151e+00 0.000000000000000000e+00 0.000000000000000000e+00 1.000000000000000000e+00 0.000000000000000000e+00
1.602336202939190768e-01 9.870791188792842341e-01 0.000000000000000000e+00 -6.637531000000000070e+00 -9.870791188792842341e-01 1.602336202939190768e-01 0.000000000000000000e+00 3.214655599999999946e+00 0.000000000000000000e+00 0.000000000000000000e+00 1.000000000000000000e+00 0.000000000000000000e+00
3.942004838385134713e-01 9.190244711331041483e-01 0.000000000000000000e+00 -6.130924699999999561e+00 -9.190244711331041483e-01 3.942004838385134713e-01 0.000000000000000000e+00 3.396289799999999914e+00 0.000000000000000000e+00 0.000000000000000000e+00 1.000000000000000000e+00 0.000000000000000000e+00
6.757093683891486346e-01 7.371681283609172741e-01 0.000000000000000000e+00 -5.972298999999999580e+00 -7.371681283609172741e-01 6.757093683891486346e-01 0.000000000000000000e+00 3.717655999999999850e+00 0.000000000000000000e+00 0.000000000000000000e+00 1.000000000000000000e+00 0.000000000000000000e+00
8.885066841436367602e-01 4.588636749973565299e-01 0.000000000000000000e+00 -5.793858499999999800e+00 -4.588636749973565299e-01 8.885066841436367602e-01 0.000000000000000000e+00 4.176174999999999748e+00 0.000000000000000000e+00 0.000000000000000000e+00 1.000000000000000000e+00 0.000000000000000000e+00
-9.944959950260674475e-01 -1.047745955712170163e-01 0.000000000000000000e+00 -5.595856000000000385e+00 1.047745955712170163e-01 -9.944959950260674475e-01 0.000000000000000000e+00 4.596220500000000264e+00 0.000000000000000000e+00 0.000000000000000000e+00 1.000000000000000000e+00 0.000000000000000000e+00
-9.894743463137893880e-01 1.447083894834683415e-01 0.000000000000000000e+00 -5.742019700000000171e+00 -1.447083894834683415e-01 -9.894743463137893880e-01 0.000000000000000000e+00 5.285440399999999705e+00 0.000000000000000000e+00 0.000000000000000000e+00 1.000000000000000000e+00 0.000000000000000000e+00
-8.768159670968068697e-01 4.808261222563633419e-01 0.000000000000000000e+00 -5.988590699999999600e+00 -4.808261222563633419e-01 -8.768159670968068697e-01 0.000000000000000000e+00 5.686164999999999914e+00 0.000000000000000000e+00 0.000000000000000000e+00 1.000000000000000000e+00 0.000000000000000000e+00
-7.037264966733557392e-01 7.104709831371337492e-01 0.000000000000000000e+00 -6.153221600000000180e+00 -7.104709831371337492e-01 -7.037264966733557392e-01 0.000000000000000000e+00 6.188889999999999780e+00 0.000000000000000000e+00 0.000000000000000000e+00 1.000000000000000000e+00 0.000000000000000000e+00
-4.716852948138593460e-01 8.817669661857165941e-01 0.000000000000000000e+00 -6.481148000000000131e+00 -8.817669661857165941e-01 -4.716852948138593460e-01 0.000000000000000000e+00 6.396371000000000251e+00 0.000000000000000000e+00 0.000000000000000000e+00 1.000000000000000000e+00 0.000000000000000000e+00
-9.889654945280025589e-02 9.950977200789528077e-01 0.000000000000000000e+00 -6.993182700000000196e+00 -9.950977200789528077e-01 -9.889654945280025589e-02 0.000000000000000000e+00 6.580247400000000191e+00 0.000000000000000000e+00 0.000000000000000000e+00 1.000000000000000000e+00 0.000000000000000000e+00
1.835142467289497537e-01 9.830170503340753818e-01 0.000000000000000000e+00 -7.375898000000000287e+00 -9.830170503340753818e-01 1.835142467289497537e-01 0.000000000000000000e+00 6.672625499999999654e+00 0.000000000000000000e+00 0.000000000000000000e+00 1.000000000000000000e+00 0.000000000000000000e+00
6.811798767636071394e-01 7.321160942721564036e-01 0.000000000000000000e+00 -7.780658200000000413e+00 -7.321160942721564036e-01 6.811798767636071394e-01 0.000000000000000000e+00 6.519912999999999847e+00 0.000000000000000000e+00 0.000000000000000000e+00 1.000000000000000000e+00 0.000000000000000000e+00
8.755246472348062747e-01 4.831734596233200341e-01 0.000000000000000000e+00 -8.114627999999999730e+00 -4.831734596233200341e-01 8.755246472348062747e-01 0.000000000000000000e+00 6.283968400000000010e+00 0.000000000000000000e+00 0.000000000000000000e+00 1.000000000000000000e+00 0.000000000000000000e+00
9.552557232694572908e-01 2.957811744532535259e-01 0.000000000000000000e+00 -8.202844000000000690e+00 -2.957811744532535259e-01 9.552557232694572908e-01 0.000000000000000000e+00 5.927762999999999671e+00 0.000000000000000000e+00 0.000000000000000000e+00 1.000000000000000000e+00 0.000000000000000000e+00
9.999980967977625257e-01 1.950999962283226545e-03 0.000000000000000000e+00 -8.199763000000000801e+00 -1.950999962283226545e-03 9.999980967977625257e-01 0.000000000000000000e+00 5.948544499999999680e+00 0.000000000000000000e+00 0.000000000000000000e+00 1.000000000000000000e+00 0.000000000000000000e+00
9.997589897552995319e-01 2.195364214573418057e-02 0.000000000000000000e+00 -8.225991000000000497e+00 -2.195364214573418057e-02 9.997589897552995319e-01 0.000000000000000000e+00 5.437386499999999678e+00 0.000000000000000000e+00 0.000000000000000000e+00 1.000000000000000000e+00 0.000000000000000000e+00
9.900163350691509878e-01 -1.409526739591932809e-01 0.000000000000000000e+00 -8.292735999999999663e+00 1.409526739591932809e-01 9.900163350691509878e-01 0.000000000000000000e+00 4.917093300000000333e+00 0.000000000000000000e+00 0.000000000000000000e+00 1.000000000000000000e+00 0.000000000000000000e+00
9.558506142646396864e-01 -2.938530299484947705e-01 0.000000000000000000e+00 -8.202235999999999194e+00 2.938530299484947705e-01 9.558506142646396864e-01 0.000000000000000000e+00 4.408030499999999741e+00 0.000000000000000000e+00 0.000000000000000000e+00 1.000000000000000000e+00 0.000000000000000000e+00
9.205817307151125117e-01 -3.905499674479158689e-01 0.000000000000000000e+00 -8.108767500000000794e+00 3.905499674479158689e-01 9.205817307151125117e-01 0.000000000000000000e+00 4.002669299999999986e+00 0.000000000000000000e+00 0.000000000000000000e+00 1.000000000000000000e+00 0.000000000000000000e+00
8.530761921734698605e-01 -5.217863646616429651e-01 0.000000000000000000e+00 -7.851472399999999574e+00 5.217863646616429651e-01 8.530761921734698605e-01 0.000000000000000000e+00 3.470501699999999801e+00 0.000000000000000000e+00 0.000000000000000000e+00 1.000000000000000000e+00 0.000000000000000000e+00
8.720368591280959203e-01 -4.894402070958264184e-01 0.000000000000000000e+00 -7.502430000000000376e+00 4.894402070958264184e-01 8.720368591280959203e-01 0.000000000000000000e+00 2.941575999999999969e+00 0.000000000000000000e+00 0.000000000000000000e+00 1.000000000000000000e+00 0.000000000000000000e+00
8.394922083457639905e-01 -5.433717255496023357e-01 0.000000000000000000e+00 -7.104168399999999828e+00 5.433717255496023357e-01 8.394922083457639905e-01 0.000000000000000000e+00 2.361200000000000188e+00 0.000000000000000000e+00 0.000000000000000000e+00 1.000000000000000000e+00 0.000000000000000000e+00
7.764181422652244313e-01 -6.302181117370537766e-01 0.000000000000000000e+00 -6.862729500000000371e+00 6.302181117370537766e-01 7.764181422652244313e-01 0.000000000000000000e+00 1.997788899999999979e+00 0.000000000000000000e+00 0.000000000000000000e+00 1.000000000000000000e+00 0.000000000000000000e+00
6.388463035279757785e-01 -7.693343879410573516e-01 0.000000000000000000e+00 -6.492539400000000072e+00 7.693343879410573516e-01 6.388463035279757785e-01 0.000000000000000000e+00 1.579020599999999996e+00 0.000000000000000000e+00 0.000000000000000000e+00 1.000000000000000000e+00 0.000000000000000000e+00
6.737542341185397410e-01 -7.389555006949606319e-01 0.000000000000000000e+00 -6.022893400000000064e+00 7.389555006949606319e-01 6.737542341185397410e-01 0.000000000000000000e+00 1.166856399999999905e+00 0.000000000000000000e+00 0.000000000000000000e+00 1.000000000000000000e+00 0.000000000000000000e+00
7.383974846819512106e-01 -6.743657424687049540e-01 0.000000000000000000e+00 -5.647275999999999740e+00 6.743657424687049540e-01 7.383974846819512106e-01 0.000000000000000000e+00 9.063843999999999790e-01 0.000000000000000000e+00 0.000000000000000000e+00 1.000000000000000000e+00 0.000000000000000000e+00
7.275183143281552800e-01 -6.860882613170986577e-01 0.000000000000000000e+00 -5.309544999999999959e+00 6.860882613170986577e-01 7.275183143281552800e-01 0.000000000000000000e+00 4.558129300000000050e-01 0.000000000000000000e+00 0.000000000000000000e+00 1.000000000000000000e+00 0.000000000000000000e+00
6.198152825293389290e-01 -7.847477400687916660e-01 0.000000000000000000e+00 -4.971625300000000358e+00 7.847477400687916660e-01 6.198152825293389290e-01 0.000000000000000000e+00 1.627217099999999916e-01 0.000000000000000000e+00 0.000000000000000000e+00 1.000000000000000000e+00 0.000000000000000000e+00
5.437494645017745265e-01 -8.392475915092241223e-01 0.000000000000000000e+00 -4.472660499999999928e+00 8.392475915092241223e-01 5.437494645017745265e-01 0.000000000000000000e+00 -2.548298800000000086e-01 0.000000000000000000e+00 0.000000000000000000e+00 1.000000000000000000e+00 0.000000000000000000e+00
3.514862020723046321e-01 -9.361930622220969722e-01 0.000000000000000000e+00 -4.140867700000000262e+00 9.361930622220969722e-01 3.514862020723046321e-01 0.000000000000000000e+00 -6.959355999999999876e-01 0.000000000000000000e+00 0.000000000000000000e+00 1.000000000000000000e+00 0.000000000000000000e+00
4.206121262476907319e-01 -9.072405630555749889e-01 0.000000000000000000e+00 -3.624896300000000071e+00 9.072405630555749889e-01 4.206121262476907319e-01 0.000000000000000000e+00 -8.516985000000000250e-01 0.000000000000000000e+00 0.000000000000000000e+00 1.000000000000000000e+00 0.000000000000000000e+00
5.651263751974098248e-01 -8.250043515377578629e-01 0.000000000000000000e+00 -3.113887800000000095e+00 8.250043515377578629e-01 5.651263751974098248e-01 0.000000000000000000e+00 -1.052736600000000022e+00 0.000000000000000000e+00 0.000000000000000000e+00 1.000000000000000000e+00 0.000000000000000000e+00
4.687278982563113372e-01 -8.833426047668146985e-01 0.000000000000000000e+00 -2.523945599999999789e+00 8.833426047668146985e-01 4.687278982563113372e-01 0.000000000000000000e+00 -1.427746500000000029e+00 0.000000000000000000e+00 0.000000000000000000e+00 1.000000000000000000e+00 0.000000000000000000e+00
4.482975072069791955e-01 -8.938844136866961332e-01 0.000000000000000000e+00 -2.056087699999999963e+00 8.938844136866961332e-01 4.482975072069791955e-01 0.000000000000000000e+00 -1.446578399999999931e+00 0.000000000000000000e+00 0.000000000000000000e+00 1.000000000000000000e+00 0.000000000000000000e+00
3.395518762268537327e-01 -9.405873289338015919e-01 0.000000000000000000e+00 -2.077386000000000177e+00 9.405873289338015919e-01 3.395518762268537327e-01 0.000000000000000000e+00 -1.496490799999999899e+00 0.000000000000000000e+00 0.000000000000000000e+00 1.000000000000000000e+00 0.000000000000000000e+00
2.521378288457458150e-01 -9.676913326391599623e-01 0.000000000000000000e+00 -1.605719600000000025e+00 9.676913326391599623e-01 2.521378288457458150e-01 0.000000000000000000e+00 -1.584019999999999984e+00 0.000000000000000000e+00 0.000000000000000000e+00 1.000000000000000000e+00 0.000000000000000000e+00
1.048907324813847380e-01 -9.944837526272204409e-01 0.000000000000000000e+00 -1.217962999999999907e+00 9.944837526272204409e-01 1.048907324813847380e-01 0.000000000000000000e+00 -1.459113700000000069e+00 0.000000000000000000e+00 0.000000000000000000e+00 1.000000000000000000e+00 0.000000000000000000e+00
-7.549178395656247487e-02 -9.971464238290461690e-01 0.000000000000000000e+00 -7.796520599999999801e-01 9.971464238290461690e-01 -7.549178395656247487e-02 0.000000000000000000e+00 -1.310371600000000081e+00 0.000000000000000000e+00 0.000000000000000000e+00 1.000000000000000000e+00 0.000000000000000000e+00
-2.757970107435722684e-01 -9.612159012755198129e-01 0.000000000000000000e+00 -2.906700400000000184e-01 9.612159012755198129e-01 -2.757970107435722684e-01 0.000000000000000000e+00 -1.232011399999999979e+00 0.000000000000000000e+00 0.000000000000000000e+00 1.000000000000000000e+00 0.000000000000000000e+00
-4.317652866339555251e-01 -9.019859961539858917e-01 0.000000000000000000e+00 -5.451687000000000199e-02 9.019859961539858917e-01 -4.317652866339555251e-01 0.000000000000000000e+00 -9.704141600000000256e-01 0.000000000000000000e+00 0.000000000000000000e+00 1.000000000000000000e+00 0.000000000000000000e+00
-5.608194969646934647e-01 -8.279380966136709041e-01 0.000000000000000000e+00 2.253294899999999934e-01 8.279380966136709041e-01 -5.608194969646934647e-01 0.000000000000000000e+00 -7.371714999999999796e-01 0.000000000000000000e+00 0.000000000000000000e+00 1.000000000000000000e+00 0.000000000000000000e+00
-6.895102723548873769e-01 -7.242759034491546011e-01 0.000000000000000000e+00 4.723565000000000125e-01 7.242759034491546011e-01 -6.895102723548873769e-01 0.000000000000000000e+00 -5.510804999999999731e-01 0.000000000000000000e+00 0.000000000000000000e+00 1.000000000000000000e+00 0.000000000000000000e+00
-8.037734129833488117e-01 -5.949355432154805889e-01 0.000000000000000000e+00 6.969456000000000540e-01 5.949355432154805889e-01 -8.037734129833488117e-01 0.000000000000000000e+00 -1.503525800000000134e-01 0.000000000000000000e+00 0.000000000000000000e+00 1.000000000000000000e+00 0.000000000000000000e+00
-8.658660708440886200e-01 -5.002758712560697596e-01 0.000000000000000000e+00 9.248836599999999963e-01 5.002758712560697596e-01 -8.658660708440886200e-01 0.000000000000000000e+00 1.206045149999999955e-01 0.000000000000000000e+00 0.000000000000000000e+00 1.000000000000000000e+00 0.000000000000000000e+00
9.256988793020648476e-01 3.782612653430182381e-01 0.000000000000000000e+00 1.123309099999999949e+00 -3.782612653430182381e-01 9.256988793020648476e-01 0.000000000000000000e+00 5.520268699999999473e-01 0.000000000000000000e+00 0.000000000000000000e+00 1.000000000000000000e+00 0.000000000000000000e+00
9.569956846922129667e-01 2.901021535261027462e-01 0.000000000000000000e+00 1.188665499999999930e+00 -2.901021535261027462e-01 9.569956846922129667e-01 0.000000000000000000e+00 9.321443000000000367e-01 0.000000000000000000e+00 0.000000000000000000e+00 1.000000000000000000e+00 0.000000000000000000e+00
9.750162750680118062e-01 2.221334359174664819e-01 0.000000000000000000e+00 1.270406600000000052e+00 -2.221334359174664819e-01 9.750162750680118062e-01 0.000000000000000000e+00 1.379632500000000039e+00 0.000000000000000000e+00 0.000000000000000000e+00 1.000000000000000000e+00 0.000000000000000000e+00
9.970422567331849173e-01 7.685530748359423181e-02 0.000000000000000000e+00 1.322538299999999944e+00 -7.685530748359423181e-02 9.970422567331849173e-01 0.000000000000000000e+00 1.963689599999999924e+00 0.000000000000000000e+00 0.000000000000000000e+00 1.000000000000000000e+00 0.000000000000000000e+00
9.820869082219754187e-01 -1.884285134978279930e-01 0.000000000000000000e+00 1.226287799999999928e+00 1.884285134978279930e-01 9.820869082219754187e-01 0.000000000000000000e+00 2.207401500000000016e+00 0.000000000000000000e+00 0.000000000000000000e+00 1.000000000000000000e+00 0.000000000000000000e+00
9.461549334410712664e-01 -3.237141361218597302e-01 0.000000000000000000e+00 1.102194899999999977e+00 3.237141361218597302e-01 9.461549334410712664e-01 0.000000000000000000e+00 2.556544000000000150e+00 0.000000000000000000e+00 0.000000000000000000e+00 1.000000000000000000e+00 0.000000000000000000e+00
8.666432488266084810e-01 -4.989283307883619623e-01 0.000000000000000000e+00 7.339970999999999579e-01 4.989283307883619623e-01 8.666432488266084810e-01 0.000000000000000000e+00 3.001668500000000073e+00 0.000000000000000000e+00 0.000000000000000000e+00 1.000000000000000000e+00 0.000000000000000000e+00
8.259573891053140215e-01 -5.637325530624720527e-01 0.000000000000000000e+00 4.264923999999999937e-01 5.637325530624720527e-01 8.259573891053140215e-01 0.000000000000000000e+00 3.514097500000000096e+00 0.000000000000000000e+00 0.000000000000000000e+00 1.000000000000000000e+00 0.000000000000000000e+00
7.625599354894648796e-01 -6.469175718639146311e-01 0.000000000000000000e+00 3.238050299999999937e-01 6.469175718639146311e-01 7.625599354894648796e-01 0.000000000000000000e+00 3.752366299999999821e+00 0.000000000000000000e+00 0.000000000000000000e+00 1.000000000000000000e+00 0.000000000000000000e+00
-6.787110928976355373e-01 7.344053733311713961e-01 0.000000000000000000e+00 -1.537874499999999922e-01 -7.344053733311713961e-01 -6.787110928976355373e-01 0.000000000000000000e+00 4.014204499999999953e+00 0.000000000000000000e+00 0.000000000000000000e+00 1.000000000000000000e+00 0.000000000000000000e+00
